           1           1           1           1   187786.54398811929     
           1           1           1           2   134160.02920927698     
           1           1           1           3   98448.552376531312     
           1           1           1           4   73919.067137357997     
           1           1           1           5   56612.781307011326     
           1           1           1           6   44117.449820595837     
           1           1           1           7   34910.998044660875     
           1           1           1           8   28003.913443103866     
           1           1           1           9   22738.687277931240     
           1           1           2           1   182908.34646166314     
           1           1           2           2   130674.90683582536     
           1           1           2           3   95891.119809559736     
           1           1           2           4   71998.845783027529     
           1           1           2           5   55142.131531639505     
           1           1           2           6   42971.395743111396     
           1           1           2           7   34004.103260999655     
           1           1           2           8   27276.446470173723     
           1           1           2           9   22147.996972229666     
           1           1           3           1   178217.79308520493     
           1           1           3           2   127323.84274631461     
           1           1           3           3   93432.061118786063     
           1           1           3           4   70152.487412769216     
           1           1           3           5   53728.051572414479     
           1           1           3           6   41869.425621468392     
           1           1           3           7   33132.092959595473     
           1           1           3           8   26576.962130152922     
           1           1           3           9   21580.028063981299     
           1           1           4           1   173705.38195728813     
           1           1           4           2   124100.04851417453     
           1           1           4           3   91066.394860553570     
           1           1           4           4   68376.251762649801     
           1           1           4           5   52367.676854845020     
           1           1           4           6   40809.307138731172     
           1           1           4           7   32293.200665398508     
           1           1           4           8   25904.043443047816     
           1           1           4           9   21033.629991032740     
           1           1           5           1   169362.20509510380     
           1           1           5           2   120997.16002505551     
           1           1           5           3   88789.450957506808     
           1           1           5           4   66666.632354788511     
           1           1           5           5   51058.321855303977     
           1           1           5           6   39788.947509411315     
           1           1           5           7   31485.770317242052     
           1           1           5           8   25256.361997471406     
           1           1           5           9   20507.724107322942     
           1           1           6           1   165179.90443742948     
           1           1           6           2   118009.20604409037     
           1           1           6           3   86596.847632806006     
           1           1           6           4   65020.339178659415     
           1           1           6           5   49797.466837074942     
           1           1           6           6   38806.383143083884     
           1           1           6           7   30708.248088467204     
           1           1           6           8   24632.671389550593     
           1           1           6           9   20001.298355396833     
           1           1           7           1   161150.63160362886     
           1           1           7           2   115130.57946659085     
           1           1           7           3   84484.470313483253     
           1           1           7           4   63434.282850904434     
           1           1           7           5   48582.745718751590     
           1           1           7           6   37859.770190428368     
           1           1           7           7   29959.174905826476     
           1           1           7           8   24031.801221958172     
           1           1           7           9   19513.402393729841     
           1           1           8           1   157267.01104666723     
           1           1           8           2   112356.01099352323     
           1           1           8           3   82448.452313135989     
           1           1           8           4   61905.560111141524     
           1           1           8           5   47411.934965842782     
           1           1           8           6   36947.375886636677     
           1           1           8           7   29237.179599359231     
           1           1           8           8   23452.651609079392     
           1           1           8           9   19043.143135024060     
           1           1           9           1   153522.10627688488     
           1           1           9           2   109680.54500082305     
           1           1           9           3   80485.157124489735     
           1           1           9           4   60431.440526525672     
           1           1           9           5   46282.943408130370     
           1           1           9           6   36067.570616245386     
           1           1           9           7   28540.972623143447     
           1           1           9           8   22894.188140107442     
           1           1           9           9   18589.680656334516     
           1           1          10           1   149909.38886750679     
           1           1          10           2   107099.51739605717     
           1           1          10           3   78591.162170305266     
           1           1          10           4   59009.354291292300     
           1           1          10           5   45193.802895647110     
           1           1          10           6   35218.820631490671     
           1           1          10           7   27869.340293192290     
           1           1          10           8   22355.437256966998     
           1           1          10           9   18152.224446027863     
           2           1           1           1   50497.768227127570     
           2           1           1           2   41644.066288418973     
           2           1           1           3   34663.169612464786     
           2           1           1           4   29097.536989732413     
           2           1           1           5   24616.086002045646     
           2           1           1           6   20973.857827527729     
           2           1           1           7   17988.249369535541     
           2           1           1           8   15522.024738999662     
           2           1           1           9   13469.812472519863     
           2           1           2           1   49185.970334815276     
           2           1           2           2   40562.264180325757     
           2           1           2           3   33762.712756734116     
           2           1           2           4   28341.660566111343     
           2           1           2           5   23976.625836641597     
           2           1           2           6   20429.013129352228     
           2           1           2           7   17520.962893532465     
           2           1           2           8   15118.804265870520     
           2           1           2           9   13119.903055144845     
           2           1           3           1   47924.631880626046     
           2           1           3           2   39522.074519296199     
           2           1           3           3   32896.892742672571     
           2           1           3           4   27614.859570037050     
           2           1           3           5   23361.763044477284     
           2           1           3           6   19905.126336781974     
           2           1           3           7   17071.650977489666     
           2           1           3           8   14731.093997182576     
           2           1           3           9   12783.453185226301     
           2           1           4           1   46711.197706686624     
           2           1           4           2   38521.390140371761     
           2           1           4           3   32063.955635225986     
           2           1           4           4   26915.661684706170     
           2           1           4           5   22770.252067951307     
           2           1           4           6   19401.136187162992     
           2           1           4           7   16639.403429071546     
           2           1           4           8   14358.108530356787     
           2           1           4           9   12459.781301123585     
           2           1           5           1   45543.272365824807     
           2           1           5           2   37558.235587385374     
           2           1           5           3   31262.257129407732     
           2           1           5           4   26242.686620763150     
           2           1           5           5   22200.925203269137     
           2           1           5           6   18916.047752245991     
           2           1           5           7   16223.366947658651     
           2           1           5           8   13999.111554514948     
           2           1           5           9   12148.248442292559     
           2           1           6           1   44418.608290320983     
           2           1           6           2   36630.757356074493     
           2           1           6           3   30490.254428987897     
           2           1           6           4   25594.639298979077     
           2           1           6           5   21652.686833095006     
           2           1           6           6   18448.927524187315     
           2           1           6           7   15822.740909856293     
           2           1           6           8   13653.412213807840     
           2           1           6           9   11848.255093433061     
           2           1           7           1   43335.094970702237     
           2           1           7           2   35737.214970146626     
           2           1           7           3   29746.498818504417     
           2           1           7           4   24970.303614929599     
           2           1           7           5   21124.508151566042     
           2           1           7           6   17998.898921061122     
           2           1           7           7   15436.773514796967     
           2           1           7           8   13320.361781208163     
           2           1           7           9   11559.238298053449     
           2           1           8           1   42290.749047219811     
           2           1           8           2   34875.972810008527     
           2           1           8           3   29029.628861766741     
           2           1           8           4   24368.536729573403     
           2           1           8           5   20615.422334210056     
           2           1           8           6   17565.138171446222     
           2           1           8           7   15064.758254555854     
           2           1           8           8   12999.350612842889     
           2           1           8           9   11280.669015482943     
           2           1           9           1   41283.705227084902     
           2           1           9           2   34045.492622474005     
           2           1           9           3   28338.364167183332     
           2           1           9           4   23788.263835642978     
           2           1           9           5   20124.520110393034     
           2           1           9           6   17146.870541983517     
           2           1           9           7   14706.030678715219     
           2           1           9           8   12689.805356145393     
           2           1           9           9   11012.049698145251     
           2           1          10           1   40312.207949740223     
           2           1          10           2   33244.326647355141     
           2           1          10           3   27671.499666562697     
           2           1          10           4   23228.473355063379     
           2           1          10           5   19650.945700409789     
           2           1          10           6   16743.366875623051     
           2           1          10           7   14359.965425391712     
           2           1          10           8   12391.186387937738     
           2           1          10           9   10752.912068362450     
           3           1           1           1   21347.995254073630     
           3           1           1           2   18629.657630279195     
           3           1           1           3   16335.773157004805     
           3           1           1           4   14388.737660719180     
           3           1           1           5   12727.480899904735     
           3           1           1           6   11302.737167082460     
           3           1           1           7   10074.911813370169     
           3           1           1           8   9012.2334407826856     
           3           1           1           9   8088.5067011679303     
           3           1           2           1   20793.431453779292     
           3           1           2           2   18145.709061672522     
           3           1           2           3   15911.413648904161     
           3           1           2           4   14014.956993305299     
           3           1           2           5   12396.855296855580     
           3           1           2           6   11009.122644972049     
           3           1           2           7   9813.1929531212008     
           3           1           2           8   8778.1201602793008     
           3           1           2           9   7878.3894042161410     
           3           1           3           1   20260.199412951308     
           3           1           3           2   17680.375975164679     
           3           1           3           3   15503.377476943024     
           3           1           3           4   13655.554102130563     
           3           1           3           5   12078.947472254156     
           3           1           3           6   10726.802237263244     
           3           1           3           7   9561.5413123370927     
           3           1           3           8   8553.0122260985736     
           3           1           3           9   7676.3544267476045     
           3           1           4           1   19747.218937766411     
           3           1           4           2   17232.715723477380     
           3           1           4           3   15110.838063271094     
           3           1           4           4   13309.800928388044     
           3           1           4           5   11773.113426076105     
           3           1           4           6   10455.204035273508     
           3           1           4           7   9319.4471097059159     
           3           1           4           8   8336.4536279447948     
           3           1           4           9   7481.9924985999269     
           3           1           5           1   19253.477352103509     
           3           1           5           2   16801.844579652905     
           3           1           5           3   14733.020495409615     
           3           1           5           4   12977.014920684509     
           3           1           5           5   11478.749411595110     
           3           1           5           6   10193.791877530608     
           3           1           5           7   9086.4324278388194     
           3           1           5           8   8128.0168584740686     
           3           1           5           9   7294.9199310583535     
           3           1           6           1   18778.024495886850     
           3           1           6           2   16386.933372285162     
           3           1           6           3   14369.197698923861     
           3           1           6           4   12656.555663890096     
           3           1           6           5   11195.288953453701     
           3           1           6           6   9942.0627016512080     
           3           1           6           7   8862.0488528196711     
           3           1           6           8   7927.3008018223345     
           3           1           6           9   7114.7767218068129     
           3           1           7           1   18319.968150423756     
           3           1           7           2   15987.203493373783     
           3           1           7           3   14018.686936836939     
           3           1           7           4   12347.821795784988     
           3           1           7           5   10922.200120303036     
           3           1           7           6   9699.5441222908776     
           3           1           7           7   8645.8753152676654     
           3           1           7           8   7733.9288023909039     
           3           1           7           9   6941.2248216601438     
           3           1           8           1   17878.469849579171     
           3           1           8           2   15601.923242884148     
           3           1           8           3   13680.846604290233     
           3           1           8           4   12050.248183762435     
           3           1           8           5   10658.983027473701     
           3           1           8           6   9465.7922133748434     
           3           1           8           7   8437.5161134889931     
           3           1           8           8   7547.5468965143136     
           3           1           8           9   6773.9465474834760     
           3           1           9           1   17452.741040038705     
           3           1           9           2   15230.404477944734     
           3           1           9           3   13355.073290330678     
           3           1           9           4   11763.303336819907     
           3           1           9           5   10405.167547769066     
           3           1           9           6   9240.3894751531006     
           3           1           9           7   8236.5991013749408     
           3           1           9           8   7367.8221914973610     
           3           1           9           9   6612.6431273756361     
           3           1          10           1   17042.039557803786     
           3           1          10           2   14871.999538008782     
           3           1          10           3   13040.799081682224     
           3           1          10           4   11486.487030692420     
           3           1          10           5   10160.311210792261     
           3           1          10           6   9022.9429686839558     
           3           1          10           7   8042.7740255404606     
           3           1          10           8   7194.4413781507528     
           3           1          10           9   6457.0333656676257     
           4           1           1           1   11493.343245445321     
           4           1           1           2   10380.847589533076     
           4           1           1           3   9402.0066747612873     
           4           1           1           4   8537.8917024612347     
           4           1           1           5   7772.6370252025563     
           4           1           1           6   7092.8857768705930     
           4           1           1           7   6487.3459457334775     
           4           1           1           8   5946.4329645313628     
           4           1           1           9   5461.9804732544953     
           4           1           2           1   11194.777280571554     
           4           1           2           2   10111.181325275573     
           4           1           2           3   9157.7681141694429     
           4           1           2           4   8316.1005687531087     
           4           1           2           5   7570.7251891897058     
           4           1           2           6   6908.6320854486557     
           4           1           2           7   6318.8225824213778     
           4           1           2           8   5791.9610945755830     
           4           1           2           9   5320.0934023521340     
           4           1           3           1   10907.695891737132     
           4           1           3           2   9851.8879844325802     
           4           1           3           3   8922.9243777940264     
           4           1           3           4   8102.8407990396718     
           4           1           3           5   7376.5800423051387     
           4           1           3           6   6731.4658469025471     
           4           1           3           7   6156.7815908944849     
           4           1           3           8   5643.4310931743366     
           4           1           3           9   5183.6641144639334     
           4           1           4           1   10631.517525684174     
           4           1           4           2   9602.4423054891395     
           4           1           4           3   8696.9997330001406     
           4           1           4           4   7897.6803844909682     
           4           1           4           5   7189.8082972425373     
           4           1           4           6   6561.0281690190322     
           4           1           4           7   6000.8947189722230     
           4           1           4           8   5500.5420780935856     
           4           1           4           9   5052.4162404299732     
           4           1           5           1   10365.696979201797     
           4           1           5           2   9362.3518584474441     
           4           1           5           3   8479.5481828545981     
           4           1           5           4   7700.2143190110128     
           4           1           5           5   7010.0412491306279     
           4           1           5           6   6396.9825921456404     
           4           1           5           7   5850.8542318714690     
           4           1           5           8   5363.0119737309687     
           4           1           5           9   4926.0906855258045     
           4           1           6           1   10109.722706346907     
           4           1           6           2   9131.1546126978083     
           4           1           6           3   8270.1512633327748     
           4           1           6           4   7510.0625989009104     
           4           1           6           5   6836.9329544903967     
           4           1           6           6   6239.0134274090187     
           4           1           6           7   5706.3713922988873     
           4           1           6           8   5230.5761179404944     
           4           1           6           9   4804.4443497910970     
           4           1           7           1   9863.1143555490526     
           4           1           7           2   8908.4167125218428     
           4           1           7           3   8068.4160285789521     
           4           1           7           4   7326.8683932917611     
           4           1           7           5   6670.1585656554771     
           4           1           7           6   6086.8242368002730     
           4           1           7           7   5567.1750702982954     
           4           1           7           8   5102.9859877930139     
           4           1           7           9   4687.2489576042781     
           4           1           8           1   9625.4205144408497     
           4           1           8           2   8693.7304402141090     
           4           1           8           3   7873.9732060938477     
           4           1           8           4   7150.2963688867285     
           4           1           8           5   6509.4128056707677     
           4           1           8           6   5940.1364414528343     
           4           1           8           7   5433.0104703461939     
           4           1           8           8   4980.0080328084114     
           4           1           8           9   4574.2899859728959     
           4           1           9           1   9396.2166426296772     
           4           1           9           2   8486.7123489531041     
           4           1           9           3   7686.4755056650320     
           4           1           9           4   6980.0311543157140     
           4           1           9           5   6354.4085702898110     
           4           1           9           6   5798.6880459034273     
           4           1           9           7   5303.6379645283350     
           4           1           9           8   4861.4226054237170     
           4           1           9           9   4465.3656821379154     
           4           1          10           1   9175.1031747213983     
           4           1          10           2   8287.0015494444215     
           4           1          10           3   7505.5960675696779     
           4           1          10           4   6815.7759309619551     
           4           1          10           5   6204.8756451081472     
           4           1          10           6   5662.2324674197189     
           4           1          10           7   5178.8320218129056     
           4           1          10           8   4747.0229795450405     
           4           1          10           9   4360.2861620855510     
           5           1           1           1   7192.3712063352687     
           5           1           1           2   6651.2096808337892     
           5           1           1           3   6161.0804582610199     
           5           1           1           4   5716.2716147636511     
           5           1           1           5   5311.8058945533166     
           5           1           1           6   4943.3344945691206     
           5           1           1           7   4607.0478331382665     
           5           1           1           8   4299.6003363003283     
           5           1           1           9   4018.0468357363916     
           5           1           2           1   7005.5331458204391     
           5           1           2           2   6478.4295697213083     
           5           1           2           3   6001.0326121980752     
           5           1           2           4   5567.7787300835353     
           5           1           2           5   5173.8199635403453     
           5           1           2           6   4814.9204799173367     
           5           1           2           7   4487.3696604045572     
           5           1           2           8   4187.9088402100779     
           5           1           2           9   3913.6693587029017     
           5           1           3           1   6825.8819482404715     
           5           1           3           2   6312.2955699936783     
           5           1           3           3   5847.1411195881974     
           5           1           3           4   5424.9977269489018     
           5           1           3           5   5041.1417547066139     
           5           1           3           6   4691.4459951134259     
           5           1           3           7   4372.2949855283887     
           5           1           3           8   4080.5136272902764     
           5           1           3           9   3813.3068245203303     
           5           1           4           1   6653.0536874660920     
           5           1           4           2   6152.4711380416265     
           5           1           4           3   5699.0942371332185     
           5           1           4           4   5287.6393691842832     
           5           1           4           5   4913.5024976576069     
           5           1           4           6   4572.6609142492871     
           5           1           4           7   4261.5906985565225     
           5           1           4           8   3977.1971442953072     
           5           1           4           9   3716.7559264274792     
           5           1           5           1   6486.7071845750261     
           5           1           5           2   5998.6407659112392     
           5           1           5           3   5556.5997070403400     
           5           1           5           4   5155.4324993058945     
           5           1           5           5   4790.6502214713701     
           5           1           5           6   4458.3307455107961     
           5           1           5           7   4155.0382600428093     
           5           1           5           8   3877.7554361103757     
           5           1           5           9   3623.8260653135303     
           5           1           6           1   6326.5223227615779     
           5           1           6           2   5850.5084230041430     
           5           1           6           3   5419.3833135563227     
           5           1           6           4   5028.1226992716147     
           5           1           6           5   4672.3485102121695     
           5           1           6           6   4348.2354730217912     
           5           1           6           7   4052.4326216819704     
           5           1           6           8   3781.9971384182682     
           5           1           6           9   3534.3384083509945     
           5           1           7           1   6172.1985061031237     
           5           1           7           2   5707.7961308103013     
           5           1           7           3   5287.1875627308418     
           5           1           7           4   4905.4710655630834     
           5           1           7           5   4558.3753646862006     
           5           1           7           6   4242.1684975601956     
           5           1           7           7   3953.5812390891565     
           5           1           7           8   3689.7425563623315     
           5           1           7           9   3448.1250279932847     
           5           1           8           1   6023.4532483171151     
           5           1           8           2   5570.2426578504856     
           5           1           8           3   5159.7704735310163     
           5           1           8           4   4787.2530875797047     
           5           1           8           5   4448.5221601989178     
           5           1           8           6   4139.9356666159938     
           5           1           8           7   3858.3031678433508     
           5           1           8           8   3600.8228209166041     
           5           1           8           9   3365.0281135906707     
           5           1           9           1   5880.0208791281320     
           5           1           9           2   5437.6023233795077     
           5           1           9           3   5036.9044697018644     
           5           1           9           4   4673.2576195047177     
           5           1           9           5   4342.5926911705392     
           5           1           9           6   4041.3543852819466     
           5           1           9           7   3766.4282348644274     
           5           1           9           8   3515.0791155620395     
           5           1           9           9   3284.8992487082733     
           5           1          10           1   5741.6513571752284     
           5           1          10           2   5309.6438996133602     
           5           1          10           3   4918.3753628902705     
           5           1          10           4   4563.2859368457766     
           5           1          10           5   4240.4022944344788     
           5           1          10           6   3946.2528003690049     
           5           1          10           7   3677.7962780334019     
           5           1          10           8   3432.3619666516015     
           5           1          10           9   3207.5987479621490     
           6           1           1           1   4981.4737112993653     
           6           1           1           2   4683.4626174823334     
           6           1           1           3   4407.9739863917757     
           6           1           1           4   4153.0097394118675     
           6           1           1           5   3916.6815649726996     
           6           1           1           6   3697.3920034655312     
           6           1           1           7   3493.6993512042254     
           6           1           1           8   3304.2268094504579     
           6           1           1           9   3127.8105825837456     
           6           1           2           1   4852.0689402472235     
           6           1           2           2   4561.7993898486493     
           6           1           2           3   4293.4672281216217     
           6           1           2           4   4045.1262812508858     
           6           1           2           5   3814.9372910103589     
           6           1           2           6   3601.3442955685864     
           6           1           2           7   3402.9430428893961     
           6           1           2           8   3218.3924998264442     
           6           1           2           9   3046.5591030919327     
           6           1           3           1   4727.6418093753227     
           6           1           3           2   4444.8160169896655     
           6           1           3           3   4183.3650446103184     
           6           1           3           4   3941.3926266586882     
           6           1           3           5   3717.1066713723749     
           6           1           3           6   3508.9911184486418     
           6           1           3           7   3315.6777268905757     
           6           1           3           8   3135.8598533887816     
           6           1           3           9   2968.4330040748632     
           6           1           4           1   4607.9402629483648     
           6           1           4           2   4332.2755223980421     
           6           1           4           3   4077.4443989532037     
           6           1           4           4   3841.5986398097684     
           6           1           4           5   3622.9915283364835     
           6           1           4           6   3420.1453903414217     
           6           1           4           7   3231.7266282056939     
           6           1           4           8   3056.4616823671299     
           6           1           4           9   2893.2740243509206     
           6           1           5           1   4492.7279999493539     
           6           1           5           2   4223.9557417535407     
           6           1           5           3   3975.4961951340442     
           6           1           5           4   3745.5473193815578     
           6           1           5           5   3532.4060712388123     
           6           1           5           6   3334.6317229850888     
           6           1           5           7   3150.9240211080278     
           6           1           5           8   2980.0412490138651     
           6           1           5           9   2820.9337948022330     
           6           1           6           1   4381.7833069878825     
           6           1           6           2   4119.6482256533109     
           6           1           6           3   3877.3242453005537     
           6           1           6           4   3653.0538255664051     
           6           1           6           5   3445.1759788560403     
           6           1           6           6   3252.2855553805557     
           6           1           6           7   3073.1144106304596     
           6           1           6           8   2906.4514914805454     
           6           1           6           9   2751.2731055843342     
           6           1           7           1   4274.8979908433103     
           6           1           7           2   4019.1572360164287     
           6           1           7           3   3782.7443252038061     
           6           1           7           4   3563.9445901477534     
           6           1           7           5   3361.1375601247319     
           6           1           7           6   3172.9523615027874     
           6           1           7           7   2998.1517839264238     
           6           1           7           8   2835.5543157813099     
           6           1           7           9   2684.1612358941784     
           6           1           8           1   4171.8764010391415     
           6           1           8           2   3922.2988271333079     
           6           1           8           3   3691.5833093034930     
           6           1           8           4   3478.0565016339201     
           6           1           8           5   3280.1369856469728     
           6           1           8           6   3096.4869248349778     
           6           1           8           7   2925.8989247722552     
           6           1           8           8   2767.2199474731469     
           6           1           8           9   2619.4753402664192     
           6           1           9           1   4072.5345338738384     
           6           1           9           2   3828.9000032984286     
           6           1           9           3   3603.6783779514903     
           6           1           9           4   3395.2361583009256     
           6           1           9           5   3202.0295832404786     
           6           1           9           6   3022.7526733612799     
           6           1           9           7   2856.2267851972065     
           6           1           9           8   2701.3263373654963     
           6           1           9           9   2557.0998860142545     
           6           1          10           1   3976.6992102412560     
           6           1          10           2   3738.7979458181253     
           6           1          10           3   3518.8762898696441     
           6           1          10           4   3315.3391827526975     
           6           1          10           5   3126.6791915052190     
           6           1          10           6   2951.6210693276744     
           6           1          10           7   2789.0139088642395     
           6           1          10           8   2637.7586161739159     
           6           1          10           9   2496.9261370009635     
           7           1           1           1   1034.5332847905809     
           7           1           1           2   1064.3084868449223     
           7           1           1           3   1097.8048848304527     
           7           1           1           4   1135.3771952266929     
           7           1           1           5   1177.4453181800595     
           7           1           1           6   1224.4898656700730     
           7           1           1           7   1277.0695464407527     
           7           1           1           8   1335.8467585902611     
           7           1           1           9   1401.5852768476550     
           7           1           2           1   1007.6392429602021     
           7           1           2           2   1036.6399242867506     
           7           1           2           3   1069.2649783989107     
           7           1           2           4   1105.8598850703931     
           7           1           2           5   1146.8336097067793     
           7           1           2           6   1192.6542472110759     
           7           1           2           7   1243.8659538673444     
           7           1           2           8   1301.1138730629987     
           7           1           2           9   1365.1418814133535     
           7           1           3           1   981.78044929619023     
           7           1           3           2   1010.0364420567336     
           7           1           3           3   1041.8237147909299     
           7           1           3           4   1077.4788667061414     
           7           1           3           5   1117.4003501032705     
           7           1           3           6   1162.0442255090431     
           7           1           3           7   1211.9406579933052     
           7           1           3           8   1267.7182017533244     
           7           1           3           9   1330.1016028694553     
           7           1           4           1   956.90444372945137     
           7           1           4           2   984.44406746850893     
           7           1           4           3   1015.4254195088869     
           7           1           4           4   1050.1765565547519     
           7           1           4           5   1089.0858180365408     
           7           1           4           6   1132.5976883008586     
           7           1           4           7   1181.2288739549940     
           7           1           4           8   1235.5919717357433     
           7           1           4           9   1296.3933257894241     
           7           1           5           1   932.96204752489041     
           7           1           5           2   959.81220383859943     
           7           1           5           3   990.01790057097264     
           7           1           5           4   1023.8989730422887     
           7           1           5           5   1061.8340279856645     
           7           1           5           6   1104.2564087951278     
           7           1           5           7   1151.6698696585493     
           7           1           5           8   1204.6716499087220     
           7           1           5           9   1263.9503838240696     
           7           1           6           1   909.90712003376450     
           7           1           6           2   936.09338021681731     
           7           1           6           3   965.55219034087293     
           7           1           6           4   998.59546956618965     
           7           1           6           5   1035.5924532819847     
           7           1           6           6   1076.9657576100069     
           7           1           6           7   1123.2066653063468     
           7           1           6           8   1174.8976286434386     
           7           1           6           9   1232.7102298247989     
           7           1           7           1   887.69633622654499     
           7           1           7           2   913.24302249736513     
           7           1           7           3   941.98230941351846     
           7           1           7           4   974.21849027515407     
           7           1           7           5   1010.3117728115875     
           7           1           7           6   1050.6744393224690     
           7           1           7           7   1095.7857585959596     
           7           1           7           8   1146.2139382915661     
           7           1           7           9   1202.6141341533723     
           7           1           8           1   866.28898300183539     
           7           1           8           2   891.21924384832062     
           7           1           8           3   919.26505042939186     
           7           1           8           4   950.72334646216223     
           7           1           8           5   985.94563909754470     
           7           1           8           6   1025.3342512548568     
           7           1           8           7   1069.3568731150990     
           7           1           8           8   1118.5679839609936     
           7           1           8           9   1173.6069084589153     
           7           1           9           1   845.64677248192527     
           7           1           9           2   869.98265261833421     
           7           1           9           3   897.35977991804214     
           7           1           9           4   928.06801160595455     
           7           1           9           5   962.45046572415356     
           7           1           9           6   1000.8998623791682     
           7           1           9           7   1043.8727277215196     
           7           1           9           8   1091.9103042462493     
           7           1           9           9   1145.6366524945397     
           7           1          10           1   825.73367069506696     
           7           1          10           2   849.49617607440018     
           7           1          10           3   876.22825647264517     
           7           1          10           4   906.21293330449487     
           7           1          10           5   939.78523228130666     
           7           1          10           6   977.32861044411163     
           7           1          10           7   1019.2888249311811     
           7           1          10           8   1066.1943498455119     
           7           1          10           9   1118.6545218032038     
           8           1           1           1   1197.9806725409933     
           8           1           1           2   1236.6230989713783     
           8           1           1           3   1278.8179711912926     
           8           1           1           4   1324.8996343326610     
           8           1           1           5   1375.2348329553768     
           8           1           1           6   1430.2511301671557     
           8           1           1           7   1490.4352623307786     
           8           1           1           8   1556.3261797448515     
           8           1           1           9   1628.5544479394946     
           8           1           2           1   1166.8347232206536     
           8           1           2           2   1204.4718140038424     
           8           1           2           3   1245.5688884485228     
           8           1           2           4   1290.4515822760611     
           8           1           2           5   1339.4770854088320     
           8           1           2           6   1393.0618211580936     
           8           1           2           7   1451.6798430711137     
           8           1           2           8   1515.8560559557998     
           8           1           2           9   1586.2045909071819     
           8           1           3           1   1136.8878027345518     
           8           1           3           2   1173.5582863341444     
           8           1           3           3   1213.5998549145158     
           8           1           3           4   1257.3297707155984     
           8           1           3           5   1305.0960376000041     
           8           1           3           6   1357.3043688349308     
           8           1           3           7   1414.4166244811718     
           8           1           3           8   1476.9442058413720     
           8           1           3           9   1545.4854437975782     
           8           1           4           1   1108.0791461255808     
           8           1           4           2   1143.8197870061658     
           8           1           4           3   1182.8459968475472     
           8           1           4           4   1225.4669832808067     
           8           1           4           5   1272.0219139698979     
           8           1           4           6   1322.9062000659351     
           8           1           4           7   1378.5699726198104     
           8           1           4           8   1439.5116438834493     
           8           1           4           9   1506.3143465292030     
           8           1           5           1   1080.3517895733162     
           8           1           5           2   1115.1975111382505     
           8           1           5           3   1153.2464988393497     
           8           1           5           4   1194.8002085838345     
           8           1           5           5   1240.1893041546118     
           8           1           5           6   1289.7992820582772     
           8           1           5           7   1344.0689855179198     
           8           1           5           8   1403.4843263845396     
           8           1           5           9   1468.6138109254821     
           8           1           6           1   1053.6522885882209     
           8           1           6           2   1087.6362869972620     
           8           1           6           3   1124.7443029288052     
           8           1           6           4   1165.2703284531676     
           8           1           6           5   1209.5368393323295     
           8           1           6           6   1257.9197857099064     
           8           1           6           7   1310.8471423110636     
           8           1           6           8   1368.7927850287699     
           8           1           6           9   1432.3111372015924     
           8           1           7           1   1027.9304602824172     
           8           1           7           2   1061.0843099288913     
           8           1           7           3   1097.2858334234325     
           8           1           7           4   1136.8218328053447     
           8           1           7           5   1180.0068962246260     
           8           1           7           6   1227.2077777269078     
           8           1           7           7   1278.8419823534393     
           8           1           7           8   1335.3717917558076     
           8           1           7           9   1397.3380632243645     
           8           1           8           1   1003.1391473945139     
           8           1           8           2   1035.4928987464612     
           8           1           8           3   1070.8207449487352     
           8           1           8           4   1109.4025585849583     
           8           1           8           5   1151.5453260842798     
           8           1           8           6   1197.6069387311952     
           8           1           8           7   1247.9948114207086     
           8           1           8           8   1303.1600519266267     
           8           1           8           9   1363.6304433831961     
           8           1           9           1   979.23400199501918     
           8           1           9           2   1010.8162724375571     
           8           1           9           3   1045.3016915113560     
           8           1           9           4   1082.9634504787114     
           8           1           9           5   1124.1012062877730     
           8           1           9           6   1169.0643048810400     
           8           1           9           7   1218.2504324193010     
           8           1           9           8   1272.0999230840375     
           8           1           9           9   1331.1279542490465     
           8           1          10           1   956.17328701857605     
           8           1          10           2   987.01134527468298     
           8           1          10           3   1020.6841145966208     
           8           1          10           4   1057.4583413524622     
           8           1          10           5   1097.6266124031097     
           8           1          10           6   1141.5300307894092     
           8           1          10           7   1189.5568982936047     
           8           1          10           8   1242.1371568967224     
           8           1          10           9   1299.7738244977140     
           9           1           1           1   1423.8116569589527     
           9           1           1           2   1475.9970763424130     
           9           1           1           3   1532.5085811585689     
           9           1           1           4   1593.7631693795595     
           9           1           1           5   1660.2125263844619     
           9           1           1           6   1732.3836720749464     
           9           1           1           7   1810.8735753162391     
           9           1           1           8   1896.3360138961662     
           9           1           1           9   1989.5362995152418     
           9           1           2           1   1386.7899109681766     
           9           1           2           2   1437.6173746548361     
           9           1           2           3   1492.6582829071297     
           9           1           2           4   1552.3187659703724     
           9           1           2           5   1617.0387354763209     
           9           1           2           6   1687.3314730189736     
           9           1           2           7   1763.7783837967402     
           9           1           2           8   1847.0161975459755     
           9           1           2           9   1937.7902677603272     
           9           1           3           1   1351.1935654557692     
           9           1           3           2   1400.7153965364053     
           9           1           3           3   1454.3423740650899     
           9           1           3           4   1512.4701799384677     
           9           1           3           5   1575.5274064580624     
           9           1           3           6   1644.0141271842751     
           9           1           3           7   1718.4967844520793     
           9           1           3           8   1799.5957181773672     
           9           1           3           9   1888.0370943075973     
           9           1           4           1   1316.9503747570466     
           9           1           4           2   1365.2162423776035     
           9           1           4           3   1417.4830806733828     
           9           1           4           4   1474.1365212668111     
           9           1           4           5   1535.5942684588481     
           9           1           4           6   1602.3436911072399     
           9           1           4           7   1674.9368389564931     
           9           1           4           8   1753.9782868780742     
           9           1           4           9   1840.1757447612758     
           9           1           5           1   1283.9926130445294     
           9           1           5           2   1331.0496985645777     
           9           1           5           3   1382.0074947342534     
           9           1           5           4   1437.2419610082964     
           9           1           5           5   1497.1603233771802     
           9           1           5           6   1562.2377240735314     
           9           1           5           7   1633.0123619088920     
           9           1           5           8   1710.0736401301338     
           9           1           5           9   1794.1115073414128     
           9           1           6           1   1252.2567392010094     
           9           1           6           2   1298.1498900232784     
           9           1           6           3   1347.8472134014185     
           9           1           6           4   1401.7153559975761     
           9           1           6           5   1460.1514548824557     
           9           1           6           6   1523.6188800518501     
           9           1           6           7   1592.6424941989458     
           9           1           6           8   1667.7970929523781     
           9           1           6           9   1749.7555239641240     
           9           1           7           1   1221.6830903280202     
           9           1           7           2   1266.4549624532610     
           9           1           7           3   1314.9380090017962     
           9           1           7           4   1367.4899056325823     
           9           1           7           5   1424.4980708297578     
           9           1           7           6   1486.4145345006161     
           9           1           7           7   1553.7513128341716     
           9           1           7           8   1627.0691302337543     
           9           1           7           9   1707.0243613999073     
           9           1           8           1   1192.2156011271422     
           9           1           8           2   1235.9067913867373     
           9           1           8           3   1283.2195269141582     
           9           1           8           4   1334.5028376315527     
           9           1           8           5   1390.1347758639604     
           9           1           8           6   1450.5564426827696     
           9           1           8           7   1516.2674737098548     
           9           1           8           8   1587.8150325722322     
           9           1           8           9   1665.8396186424561     
           9           1           9           1   1163.8015466878367     
           9           1           9           2   1206.4507155157312     
           9           1           9           3   1252.6350086491509     
           9           1           9           4   1302.6951200032968     
           9           1           9           5   1357.0000713350878     
           9           1           9           6   1415.9804264847207     
           9           1           9           7   1480.1238841809791     
           9           1           9           8   1549.9645333293729     
           9           1           9           9   1626.1275670353991     
           9           1          10           1   1136.3913064767919     
           9           1          10           2   1178.0352920011603     
           9           1          10           3   1223.1310377564996     
           9           1          10           4   1272.0111967611058     
           9           1          10           5   1325.0360799518071     
           9           1          10           6   1382.6260870539379     
           9           1          10           7   1445.2574026282111     
           9           1          10           8   1513.4515039592968     
           9           1          10           9   1587.8188200702486     
          10           1           1           1   1721.7035609079762     
          10           1           1           2   1789.5691820678435     
          10           1           1           3   1862.6925266788476     
          10           1           1           4   1941.5688013851363     
          10           1           1           5   2026.7526552650900     
          10           1           1           6   2118.8666453450878     
          10           1           1           7   2218.6111182227496     
          10           1           1           8   2326.7757802434735     
          10           1           1           9   2444.2532882938253     
          10           1           2           1   1676.9293415371158     
          10           1           2           2   1743.0285296274492     
          10           1           2           3   1814.2484831231106     
          10           1           2           4   1891.0714948162945     
          10           1           2           5   1974.0377478928901     
          10           1           2           6   2063.7535600835781     
          10           1           2           7   2160.9010068320040     
          10           1           2           8   2266.2491887738320     
          10           1           2           9   2380.6674668720198     
          10           1           3           1   1633.8792621571549     
          10           1           3           2   1698.2800963896648     
          10           1           3           3   1767.6700205217353     
          10           1           3           4   1842.5189121298502     
          10           1           3           5   1923.3530471448901     
          10           1           3           6   2010.7631312108533     
          10           1           3           7   2105.4136744067496     
          10           1           3           8   2208.0539677532101     
          10           1           3           9   2319.5309764698527     
          10           1           4           1   1592.4659228267085     
          10           1           4           2   1655.2330284220809     
          10           1           4           3   1722.8625627363508     
          10           1           4           4   1795.8124614216374     
          10           1           4           5   1874.5956233929842     
          10           1           4           6   1959.7877375282237     
          10           1           4           7   2052.0364184421769     
          10           1           4           8   2152.0719031480112     
          10           1           4           9   2260.7196155141373     
          10           1           5           1   1552.6073923171541     
          10           1           5           2   1613.8021568060999     
          10           1           5           3   1679.7374517527217     
          10           1           5           4   1750.8597204213302     
          10           1           5           5   1827.6689883338458     
          10           1           5           6   1910.7264930350850     
          10           1           5           7   2000.6635899396992     
          10           1           5           8   2098.1921797153341     
          10           1           5           9   2204.1169563578678     
          10           1           6           1   1514.2268025724547     
          10           1           6           2   1573.9075760433650     
          10           1           6           3   1638.2115087853447     
          10           1           6           4   1707.5739789284771     
          10           1           6           5   1782.4826172572059     
          10           1           6           6   1863.4847473813786     
          10           1           6           7   1951.1960702280564     
          10           1           6           8   2046.3108321880613     
          10           1           6           9   2149.6137686107945     
          10           1           7           1   1477.2519778258559     
          10           1           7           2   1535.4742584921194     
          10           1           7           3   1598.2066328918186     
          10           1           7           4   1665.8738203551884     
          10           1           7           5   1738.9515121459633     
          10           1           7           6   1817.9736290182391     
          10           1           7           7   1903.5407925043592     
          10           1           7           8   1996.3302433733509     
          10           1           7           9   2097.1074917668043     
          10           1           8           1   1441.6150950295034     
          10           1           8           2   1498.4317013569018     
          10           1           8           3   1559.6494334775293     
          10           1           8           4   1625.6827386017706     
          10           1           8           5   1696.9958016678650     
          10           1           8           6   1774.1096269262148     
          10           1           8           7   1857.6103037791925     
          10           1           8           8   1948.1586846366952     
          10           1           8           9   2046.5017523700774     
          10           1           9           1   1407.2523726116885     
          10           1           9           2   1462.7136031279297     
          10           1           9           3   1522.4708934594253     
          10           1           9           4   1586.9287868964263     
          10           1           9           5   1656.5403745410911     
          10           1           9           6   1731.8142072425660     
          10           1           9           7   1813.3223633729247     
          10           1           9           8   1901.7098947296192     
          10           1           9           9   1997.7059214725193     
          10           1          10           1   1374.1037848927592     
          10           1          10           2   1428.2575666954685     
          10           1          10           3   1486.6060602001082     
          10           1          10           4   1549.5442555872419     
          10           1          10           5   1617.5145431290020     
          10           1          10           6   1691.0134614989779     
          10           1          10           7   1770.5995745187820     
          10           1          10           8   1856.9026933474770     
          10           1          10           9   1950.6347085851742     
          11           1           1           1   2104.2171066967821     
          11           1           1           2   2189.6614836263470     
          11           1           1           3   2281.3271960803754     
          11           1           1           4   2379.7806817855485     
          11           1           1           5   2485.6530544026000     
          11           1           1           6   2599.6488957205302     
          11           1           1           7   2722.5564469723781     
          11           1           1           8   2855.2594552127275     
          11           1           1           9   2998.7509838752844     
          11           1           2           1   2049.4854319095380     
          11           1           2           2   2132.7051479775569     
          11           1           2           3   2221.9840596411827     
          11           1           2           4   2317.8738230449967     
          11           1           2           5   2420.9890799871628     
          11           1           2           6   2532.0160199276538     
          11           1           2           7   2651.7223044138614     
          11           1           2           8   2780.9686031339274     
          11           1           2           9   2920.7220425844107     
          11           1           3           1   1996.8617097059871     
          11           1           3           2   2077.9425303781227     
          11           1           3           3   2164.9266636129187     
          11           1           3           4   2258.3515551150294     
          11           1           3           5   2358.8160113684867     
          11           1           3           6   2466.9885403815988     
          11           1           3           7   2583.6170195705968     
          11           1           3           8   2709.5399335245315     
          11           1           3           9   2845.6994748230577     
          11           1           4           1   1946.2390650865591     
          11           1           4           2   2025.2624032278904     
          11           1           4           3   2110.0391099537546     
          11           1           4           4   2201.0929626213201     
          11           1           4           5   2299.0075365676889     
          11           1           4           6   2404.4343330588190     
          11           1           4           7   2518.1022004512561     
          11           1           4           8   2640.8282850899514     
          11           1           4           9   2773.5307975991859     
          11           1           5           1   1897.5173115075818     
          11           1           5           2   1974.5605000381349     
          11           1           5           3   2057.2127543177862     
          11           1           5           4   2145.9846982226604     
          11           1           5           5   2241.4452497620282     
          11           1           5           6   2344.2295442720297     
          11           1           5           7   2455.0481181806886     
          11           1           5           8   2574.6975838842441     
          11           1           5           9   2704.0730741624425     
          11           1           6           1   1850.6024548037692     
          11           1           6           2   1925.7389991122836     
          11           1           6           3   2006.3456680131071     
          11           1           6           4   2092.9204212297755     
          11           1           6           5   2186.0180647966213     
          11           1           6           6   2286.2579771379565     
          11           1           6           7   2394.3330642975229     
          11           1           6           8   2511.0201690989925     
          11           1           6           9   2637.1922057069573     
          11           1           7           1   1805.4062395120250     
          11           1           7           2   1878.7060513596739     
          11           1           7           3   1957.3421459514409     
          11           1           7           4   2041.8002842127480     
          11           1           7           5   2132.6216788331722     
          11           1           7           6   2230.4105304963914     
          11           1           7           7   2335.8427629995290     
          11           1           7           8   2449.6761764968787     
          11           1           7           9   2572.7622836365222     
          11           1           8           1   1761.8457335046319     
          11           1           8           2   1833.3753479831978     
          11           1           8           3   1910.1122561507229     
          11           1           8           4   1992.5304629653945     
          11           1           8           5   2081.1580812965362     
          11           1           8           6   2176.5846852177915     
          11           1           8           7   2279.4698330328274     
          11           1           8           8   2390.5529739252252     
          11           1           8           9   2510.6649965455140     
          11           1           9           1   1719.8429472789232     
          11           1           9           2   1789.6657242385670     
          11           1           9           3   1864.5714268280103     
          11           1           9           4   1945.0227256919238     
          11           1           9           5   2031.5351037991027     
          11           1           9           6   2124.6840333798709     
          11           1           9           7   2225.1132944899464     
          11           1           9           8   2333.5446439421294     
          11           1           9           9   2450.7890866963667     
          11           1          10           1   1679.3244846376545     
          11           1          10           2   1747.5007958659658     
          11           1          10           3   1820.6400675403436     
          11           1          10           4   1899.1940377194387     
          11           1          10           5   1983.6660071810211     
          11           1          10           6   2074.6178462727075     
          11           1          10           7   2172.6781162839357     
          11           1          10           8   2278.5515091142092     
          11           1          10           9   2393.0298513278203     
          12           1           1           1   2586.9366736383408     
          12           1           1           2   2692.7901874333579     
          12           1           1           3   2805.9350633897329     
          12           1           1           4   2926.9911323261249     
          12           1           1           5   3056.6967869474784     
          12           1           1           6   3195.8201183879714     
          12           1           1           7   3345.2124429164774     
          12           1           1           8   3505.8863323521664     
          12           1           1           9   3678.9086764304793     
          12           1           2           1   2519.6348862307318     
          12           1           2           2   2622.7313663312652     
          12           1           2           3   2732.9290730984708     
          12           1           2           4   2850.8316484123311     
          12           1           2           5   2977.1581996914165     
          12           1           2           6   3112.6567498080467     
          12           1           2           7   3258.1563678348402     
          12           1           2           8   3414.6431639465654     
          12           1           2           9   3583.1561356733623     
          12           1           3           1   2454.9257267736498     
          12           1           3           2   2555.3715005864760     
          12           1           3           3   2662.7357069403142     
          12           1           3           4   2777.6064248318826     
          12           1           3           5   2900.6842221794714     
          12           1           3           6   3032.6978299367993     
          12           1           3           7   3174.4549307864550     
          12           1           3           8   3326.9161971498274     
          12           1           3           9   3491.0938140175876     
          12           1           4           1   2392.6777194419510     
          12           1           4           2   2490.5737163575063     
          12           1           4           3   2595.2123199190914     
          12           1           4           4   2707.1666404259918     
          12           1           4           5   2827.1194141183059     
          12           1           4           6   2955.7808168409629     
          12           1           4           7   3093.9379618496455     
          12           1           4           8   3242.5270555530929     
          12           1           4           9   3402.5344950561389     
          12           1           5           1   2332.7676181295215     
          12           1           5           2   2428.2097077817480     
          12           1           5           3   2530.2251966863751     
          12           1           5           4   2639.3727907638950     
          12           1           5           5   2756.3180668196187     
          12           1           5           6   2881.7533453507876     
          12           1           5           7   3016.4459460623657     
          12           1           5           8   3161.3085322193506     
          12           1           5           9   3317.3026861417929     
          12           1           6           1   2275.0797959333399     
          12           1           6           2   2368.1591013387283     
          12           1           6           3   2467.6488890434894     
          12           1           6           4   2574.0939968941175     
          12           1           6           5   2688.1434811334912     
          12           1           6           6   2810.4724719232554     
          12           1           6           7   2941.8292327577387     
          12           1           6           8   3083.1037607894664     
          12           1           6           9   3235.2337483040496     
          12           1           7           1   2219.5056868307620     
          12           1           7           2   2310.3088745564501     
          12           1           7           3   2407.3656100856278     
          12           1           7           4   2511.2073731986975     
          12           1           7           5   2622.4673071227585     
          12           1           7           6   2741.8039840774250     
          12           1           7           7   2869.9473125134814     
          12           1           7           8   3007.7654574755447     
          12           1           7           9   3156.1731005805268     
          12           1           8           1   2165.9432745121117     
          12           1           8           2   2254.5528238152369     
          12           1           8           3   2349.2646795203145     
          12           1           8           4   2450.5974486448972     
          12           1           8           5   2559.1689395179633     
          12           1           8           6   2675.6217681678031     
          12           1           8           7   2800.6681551870893     
          12           1           8           8   2935.1552270969687     
          12           1           8           9   3079.9754915772055     
          12           1           9           1   2114.2966238713552     
          12           1           9           2   2200.7910765663705     
          12           1           9           3   2293.2420152791651     
          12           1           9           4   2392.1556363410282     
          12           1           9           5   2498.1349636319819     
          12           1           9           6   2611.8072299305986     
          12           1           9           7   2733.8676032091989     
          12           1           9           8   2865.1429270490912     
          12           1           9           9   3006.5043318430958     
          12           1          10           1   2064.4754511342435     
          12           1          10           2   2148.9296437791863     
          12           1          10           3   2239.1996670595004     
          12           1          10           4   2335.7797468431445     
          12           1          10           5   2439.2586469776015     
          12           1          10           6   2550.2487628278423     
          12           1          10           7   2669.4288149255194     
          12           1          10           8   2797.6060837426003     
          12           1          10           9   2935.6310813253085     
          13           1           1           1   149.49365229767344     
          13           1           1           2   133.21402806257007     
          13           1           1           3   120.04967055876438     
          13           1           1           4   109.40333438270832     
          13           1           1           5   100.82018187489138     
          13           1           1           6   93.952631064358499     
          13           1           1           7   88.535365089223092     
          13           1           1           8   84.367431404767103     
          13           1           1           9   81.299403371356973     
          13           1           2           1   145.61099614813972     
          13           1           2           2   129.75425437621942     
          13           1           2           3   116.93185291494258     
          13           1           2           4   106.56206187428118     
          13           1           2           5   98.201859633405121     
          13           1           2           6   91.512693938794300     
          13           1           2           7   86.236140519038884     
          13           1           2           8   82.176467318699792     
          13           1           2           9   79.188129607051820     
          13           1           3           1   141.87765962105931     
          13           1           3           2   126.42753449348416     
          13           1           3           3   113.93393616298317     
          13           1           3           4   103.83005341016771     
          13           1           3           5   95.684226117302998     
          13           1           3           6   89.166584394899644     
          13           1           3           7   84.025331418779928     
          13           1           3           8   80.069754801670399     
          13           1           3           9   77.158042393112439     
          13           1           4           1   138.28608299672038     
          13           1           4           2   123.22713232482423     
          13           1           4           3   111.04985021244701     
          13           1           4           4   101.20177749206999     
          13           1           4           5   93.262184031249390     
          13           1           4           6   86.909552541235144     
          13           1           4           7   81.898461928812353     
          13           1           4           8   78.043028823435762     
          13           1           4           9   75.205031888337430     
          13           1           5           1   134.82917898429318     
          13           1           5           2   120.14673273062614     
          13           1           5           3   108.27390429663845     
          13           1           5           4   98.672048282778562     
          13           1           5           5   90.930954603077140     
          13           1           5           6   84.737145296810340     
          13           1           5           7   79.851335873136804     
          13           1           5           8   76.092290860786861     
          13           1           5           9   73.325245059481347     
          13           1           6           1   131.50029773146829     
          13           1           6           2   117.18041034420003     
          13           1           6           3   105.60075887907566     
          13           1           6           4   96.236000006191205     
          13           1           6           5   88.686053994010081     
          13           1           6           6   82.645184409634084     
          13           1           6           7   77.880016046561920     
          13           1           6           8   74.213789160738358     
          13           1           6           9   71.515066662869657     
          13           1           7           1   128.29319482067143     
          13           1           7           2   114.32260105582040     
          13           1           7           3   103.02539995777775     
          13           1           7           4   93.889063532280133     
          13           1           7           5   86.523271722241148     
          13           1           7           6   80.629746351327242     
          13           1           7           7   75.980805269649778     
          13           1           7           8   72.404000688171152     
          13           1           7           9   69.771101849135746     
          13           1           8           1   125.20200196403665     
          13           1           8           2   111.56807590136090     
          13           1           8           3   100.54311553629580     
          13           1           8           4   91.626944936461399     
          13           1           8           5   84.438650905847140     
          13           1           8           6   78.687143907012157     
          13           1           8           7   74.150229041078532     
          13           1           8           8   70.659614595612240     
          13           1           8           9   68.090160234686977     
          13           1           9           1   122.22120014014270     
          13           1           9           2   108.91191712655528     
          13           1           9           3   98.149474055166039     
          13           1           9           4   89.445605845358500     
          13           1           9           5   82.428470151806536     
          13           1           9           6   76.813909299058579     
          13           1           9           7   72.385019635325889     
          13           1           9           8   68.977517070217885     
          13           1           9           9   66.469241300228603     
          13           1          10           1   119.34559494273873     
          13           1          10           2   106.34949622215099     
          13           1          10           3   95.840304599310926     
          13           1          10           4   87.341245400863215     
          13           1          10           5   80.489226936222579     
          13           1          10           6   75.006778700355909     
          13           1          10           7   70.682101509676613     
          13           1          10           8   67.354777428374874     
          13           1          10           9   64.905520991493177     
