! Syntax: EXPT (flag for reader), nExpt, beam energy (MeV), theta_min (deg), theta_max (deg)
EXPT        1           320         0           0           
1           0           19180       437.95      
2           1           130         36.0555     
2           0           20          14.1421     
3           1           0           0           
4           1           140         37.4166     
EXPT        2           320         0           0           
1           0           19080       436.807     
2           1           90          30          
2           0           40          20          
3           1           10          10          
4           1           440         66.3325     
EXPT        3           320         0           0           
1           0           15930       399.124     
2           1           230         47.9583     
2           0           50          22.3607     
3           1           10          10          
4           1           690         83.0662     
EXPT        4           320         0           0           
1           0           13850       372.156     
2           1           280         52.915      
2           0           60          24.4949     
3           1           30          17.3205     
4           1           680         82.4621     
EXPT        5           320         0           0           
1           0           10890       330         
2           1           350         59.1608     
2           0           80          28.2843     
3           1           20          14.1421     
4           1           700         83.666      
EXPT        6           320         0           0           
1           0           8980        299.666     
2           1           270         51.9615     
2           0           90          30          
3           1           30          17.3205     
4           1           720         84.8528     
EXPT        7           320         0           0           
1           0           4920        221.811     
2           1           570         75.4983     
2           0           160         40          
3           1           130         36.0555     
4           1           1410        118.743     
EXPT        8           320         0           0           
1           0           6220        249.399     
2           1           700         83.666      
2           0           250         50          
3           1           160         40          
4           1           1740        131.909     
EXPT        9           320         0           0           
1           0           7610        275.862     
2           1           730         85.44       
2           0           200         44.7214     
3           1           150         38.7298     
4           1           1670        129.228     
EXPT        10          320         0           0           
1           0           8770        296.142     
2           1           670         81.8535     
2           0           300         54.7723     
3           1           140         37.4166     
4           1           2030        142.478     
EXPT        11          320         0           0           
1           0           9490        308.058     
2           1           640         80          
2           0           220         46.9042     
3           1           130         36.0555     
4           1           1740        131.909     
EXPT        12          320         0           0           
1           0           9930        315.119     
2           1           620         78.7401     
2           0           260         50.9902     
3           1           90          30          
4           1           1740        131.909     
EXPT        13          320         0           0           
1           0           2440        156.205     
2           1           280         52.915      
2           0           100         31.6228     
3           1           110         33.1662     
4           1           660         81.2404     
END
