! Syntax: EXPT (flag for reader), nExpt, beam energy (MeV), theta_min (deg), theta_max (deg)
EXPT        1           320         0           0           
1           0           16815.4     359.651     
2           1           30.7692     15.3846     
3           1           184.615     37.6845     
5           2           0           0           
5           1           0           0           
EXPT        2           320         0           0           
1           0           16338.5     354.514     
2           1           130.769     31.7162     
3           1           376.923     53.8462     
5           2           0           0           
5           1           0           0           
EXPT        3           320         0           0           
1           0           14161.5     330.053     
2           1           192.308     38.4615     
3           1           592.308     67.4997     
5           2           7.69231     7.69231     
5           1           0           0           
EXPT        4           320         0           0           
1           0           11400       296.129     
2           1           115.385     29.7922     
3           1           615.385     68.8021     
5           2           0           0           
5           1           7.69231     7.69231     
EXPT        5           320         0           0           
1           0           10230.8     280.532     
2           1           246.154     43.5143     
3           1           869.231     81.7704     
5           2           0           0           
5           1           0           0           
EXPT        6           320         0           0           
1           0           8423.08     254.544     
2           1           330.769     50.4418     
3           1           723.077     74.5797     
5           2           0           0           
5           1           0           0           
EXPT        7           320         0           0           
1           0           6838.46     229.355     
2           1           1207.69     96.3843     
3           1           1969.23     123.077     
5           2           207.692     39.9704     
5           1           107.692     28.782      
EXPT        8           320         0           0           
1           0           9076.92     264.239     
2           1           1261.54     98.5096     
3           1           2238.46     131.221     
5           2           153.846     34.401      
5           1           84.6154     25.5125     
EXPT        9           320         0           0           
1           0           9707.69     273.266     
2           1           1184.62     95.459      
3           1           2100        127.098     
5           2           100         27.735      
5           1           84.6154     25.5125     
EXPT        10          320         0           0           
1           0           10630.8     285.964     
2           1           961.538     86.0026     
3           1           2346.15     134.34      
5           2           76.9231     24.3252     
5           1           92.3077     26.6469     
EXPT        11          320         0           0           
1           0           9746.15     273.807     
2           1           746.154     75.7604     
3           1           1730.77     115.385     
5           2           53.8462     20.3519     
5           1           23.0769     13.3235     
EXPT        12          320         0           0           
1           0           10146.2     279.37      
2           1           600         67.9366     
3           1           1584.62     110.405     
5           2           7.69231     7.69231     
5           1           7.69231     7.69231     
EXPT        13          320         0           0           
1           0           4123.08     178.09      
2           1           761.538     76.5375     
3           1           1161.54     94.5247     
5           2           138.462     32.6357     
5           1           115.385     29.7922     
END
